Teller,TijdISO,SecondenSindsMiddernacht,Pin
90162,2019-12-31T00:07:50.742265,470.742265,17
90163,2019-12-31T00:32:10.814328,1930.814328,17
90164,2019-12-31T00:40:45.516442,2445.516442,17
90165,2019-12-31T01:02:20.715540,3740.71554,17
90166,2019-12-31T01:15:44.563991,4544.563991,17
90167,2019-12-31T01:40:40.275704,6040.275704,17
90168,2019-12-31T01:48:05.279938,6485.279938,17
90169,2019-12-31T02:12:36.867663,7956.867663,17
90170,2019-12-31T02:19:07.638408,8347.638408,17
90171,2019-12-31T02:38:36.669132,9516.669132,17
90172,2019-12-31T02:46:41.868210,10001.86821,17
90173,2019-12-31T03:06:26.974279,11186.974279,17
90174,2019-12-31T03:14:02.463727,11642.463727,17
90175,2019-12-31T03:33:11.245796,12791.245796,17
90176,2019-12-31T03:39:00.011770,13140.01177,17
90177,2019-12-31T03:47:48.120147,13668.120147,17
90178,2019-12-31T03:48:12.859627,13692.859627,17
90179,2019-12-31T04:05:56.612470,14756.61247,17
90180,2019-12-31T04:13:20.714797,15200.714797,17
90181,2019-12-31T04:30:25.051736,16225.051736,17
90182,2019-12-31T04:37:20.344061,16640.344061,17
90183,2019-12-31T04:54:52.050065,17692.050065,17
90184,2019-12-31T05:00:24.684598,18024.684598,17
90185,2019-12-31T05:17:06.910071,19026.910071,17
90186,2019-12-31T05:24:28.974116,19468.974116,17
90187,2019-12-31T05:59:33.607897,21573.607897,17
90188,2019-12-31T06:05:49.768311,21949.768311,17
90189,2019-12-31T06:22:20.996528,22940.996528,17
90190,2019-12-31T06:28:20.646664,23300.646664,17
90191,2019-12-31T06:45:43.882140,24343.88214,17
90192,2019-12-31T06:52:16.428164,24736.428164,17
90193,2019-12-31T07:10:49.347152,25849.347152,17
90194,2019-12-31T07:19:48.448579,26388.448579,17
90195,2019-12-31T07:33:14.609585,27194.609585,17
90196,2019-12-31T07:33:15.169455,27195.169455,17
90197,2019-12-31T07:33:19.130383,27199.130383,17
90198,2019-12-31T07:33:19.689279,27199.689279,17
90199,2019-12-31T07:33:23.773234,27203.773234,17
90200,2019-12-31T07:33:24.315624,27204.315624,17
90201,2019-12-31T07:33:28.400288,27208.400288,17
90202,2019-12-31T07:33:28.985312,27208.985312,17
90203,2019-12-31T07:33:33.058787,27213.058787,17
90204,2019-12-31T07:33:33.627554,27213.627554,17
90205,2019-12-31T07:33:37.688265,27217.688265,17
90206,2019-12-31T07:33:38.238800,27218.2388,17
90207,2019-12-31T07:33:42.310587,27222.310587,17
90208,2019-12-31T07:33:42.867746,27222.867746,17
90209,2019-12-31T07:33:46.900136,27226.900136,17
90210,2019-12-31T07:33:47.478184,27227.478184,17
90211,2019-12-31T07:33:51.558094,27231.558094,17
90212,2019-12-31T07:33:52.098207,27232.098207,17
90213,2019-12-31T07:33:56.154665,27236.154665,17
90214,2019-12-31T07:33:56.708160,27236.70816,17
90215,2019-12-31T07:34:00.760091,27240.760091,17
90216,2019-12-31T07:34:01.382137,27241.382137,17
90217,2019-12-31T07:34:05.472384,27245.472384,17
90218,2019-12-31T07:34:44.143894,27284.143894,17
90219,2019-12-31T07:34:47.572824,27287.572824,17
90220,2019-12-31T07:34:47.866068,27287.866068,17
90221,2019-12-31T07:35:03.401587,27303.401587,17
90222,2019-12-31T07:35:03.775572,27303.775572,17
90223,2019-12-31T07:45:01.648536,27901.648536,17
90224,2019-12-31T07:47:56.976997,28076.976997,17
90225,2019-12-31T07:48:37.287293,28117.287293,17
90226,2019-12-31T07:48:42.208095,28122.208095,17
90227,2019-12-31T07:55:37.168477,28537.168477,17
90228,2019-12-31T07:55:37.885674,28537.885674,17
90229,2019-12-31T08:00:04.613209,28804.613209,17
90230,2019-12-31T08:00:05.253886,28805.253886,17
90231,2019-12-31T08:00:28.745308,28828.745308,17
90232,2019-12-31T08:00:29.318735,28829.318735,17
90233,2019-12-31T08:01:52.289668,28912.289668,17
90234,2019-12-31T08:07:52.174581,29272.174581,17
90235,2019-12-31T08:14:43.291755,29683.291755,17
90236,2019-12-31T08:17:13.346927,29833.346927,17
90237,2019-12-31T08:17:36.328833,29856.328833,17
90238,2019-12-31T08:17:36.621133,29856.621133,17
90239,2019-12-31T08:17:40.054800,29860.0548,17
90240,2019-12-31T08:17:40.330742,29860.330742,17
90241,2019-12-31T08:17:43.705275,29863.705275,17
90242,2019-12-31T08:17:43.761117,29863.761117,17
90243,2019-12-31T08:17:46.429967,29866.429967,17
90244,2019-12-31T08:17:49.316806,29869.316806,17
90245,2019-12-31T08:17:49.522714,29869.522714,17
90246,2019-12-31T08:17:52.745093,29872.745093,17
90247,2019-12-31T08:17:52.956104,29872.956104,17
90248,2019-12-31T08:17:56.165076,29876.165076,17
90249,2019-12-31T08:17:56.393855,29876.393855,17
90250,2019-12-31T08:17:59.620781,29879.620781,17
90251,2019-12-31T08:17:59.817950,29879.81795,17
90252,2019-12-31T08:18:03.019758,29883.019758,17
90253,2019-12-31T08:18:03.204065,29883.204065,17
90254,2019-12-31T08:18:06.424531,29886.424531,17
90255,2019-12-31T08:18:06.644413,29886.644413,17
90256,2019-12-31T08:18:09.862623,29889.862623,17
90257,2019-12-31T08:18:10.078594,29890.078594,17
90258,2019-12-31T08:18:13.318568,29893.318568,17
90259,2019-12-31T08:18:13.507131,29893.507131,17
90260,2019-12-31T08:18:16.710063,29896.710063,17
90261,2019-12-31T08:18:16.947766,29896.947766,17
90262,2019-12-31T08:18:20.194548,29900.194548,17
90263,2019-12-31T08:18:20.418822,29900.418822,17
90264,2019-12-31T08:18:23.616005,29903.616005,17
90265,2019-12-31T08:18:23.807816,29903.807816,17
90266,2019-12-31T08:18:27.012019,29907.012019,17
90267,2019-12-31T08:18:27.213069,29907.213069,17
90268,2019-12-31T08:18:30.418464,29910.418464,17
90269,2019-12-31T08:18:30.652441,29910.652441,17
90270,2019-12-31T08:18:33.892472,29913.892472,17
90271,2019-12-31T08:18:34.117111,29914.117111,17
90272,2019-12-31T08:18:37.361156,29917.361156,17
90273,2019-12-31T08:18:37.565272,29917.565272,17
90274,2019-12-31T08:18:40.815137,29920.815137,17
90275,2019-12-31T08:18:41.047415,29921.047415,17
90276,2019-12-31T08:18:44.242629,29924.242629,17
90277,2019-12-31T08:18:44.486241,29924.486241,17
90278,2019-12-31T08:18:47.716396,29927.716396,17
90279,2019-12-31T08:18:47.914501,29927.914501,17
90280,2019-12-31T08:18:55.960350,29935.96035,17
90281,2019-12-31T08:18:56.134320,29936.13432,17
90282,2019-12-31T08:18:59.362296,29939.362296,17
90283,2019-12-31T08:18:59.576096,29939.576096,17
90284,2019-12-31T08:19:02.797459,29942.797459,17
90285,2019-12-31T08:19:03.021664,29943.021664,17
90286,2019-12-31T08:19:17.524220,29957.52422,17
90287,2019-12-31T08:19:32.644093,29972.644093,17
90288,2019-12-31T08:20:34.666175,30034.666175,17
90289,2019-12-31T08:20:34.929156,30034.929156,17
90290,2019-12-31T08:20:38.325386,30038.325386,17
90291,2019-12-31T08:20:38.609943,30038.609943,17
90292,2019-12-31T08:20:41.977547,30041.977547,17
90293,2019-12-31T08:20:42.263193,30042.263193,17
90294,2019-12-31T08:20:45.633667,30045.633667,17
90295,2019-12-31T08:20:45.890045,30045.890045,17
90296,2019-12-31T08:20:49.253367,30049.253367,17
90297,2019-12-31T08:20:49.537427,30049.537427,17
90298,2019-12-31T08:20:52.671601,30052.671601,17
90299,2019-12-31T08:20:52.945474,30052.945474,17
90300,2019-12-31T08:20:56.320163,30056.320163,17
90301,2019-12-31T08:20:56.596653,30056.596653,17
90302,2019-12-31T08:20:59.979690,30059.97969,17
90303,2019-12-31T08:21:00.238189,30060.238189,17
90304,2019-12-31T08:21:03.579564,30063.579564,17
90305,2019-12-31T08:21:03.875797,30063.875797,17
90306,2019-12-31T08:21:07.214469,30067.214469,17
90307,2019-12-31T08:21:07.476285,30067.476285,17
90308,2019-12-31T08:21:10.810037,30070.810037,17
90309,2019-12-31T08:21:11.058764,30071.058764,17
90310,2019-12-31T08:21:14.398811,30074.398811,17
90311,2019-12-31T08:21:14.672696,30074.672696,17
90312,2019-12-31T08:21:18.015443,30078.015443,17
90313,2019-12-31T08:21:18.290908,30078.290908,17
90314,2019-12-31T08:21:21.616265,30081.616265,17
90315,2019-12-31T08:21:21.871280,30081.87128,17
90316,2019-12-31T08:21:25.197398,30085.197398,17
90317,2019-12-31T08:21:25.453258,30085.453258,17
90318,2019-12-31T08:21:28.777762,30088.777762,17
90319,2019-12-31T08:21:29.047352,30089.047352,17
90320,2019-12-31T08:21:32.361388,30092.361388,17
90321,2019-12-31T08:21:32.618736,30092.618736,17
90322,2019-12-31T08:21:35.933573,30095.933573,17
90323,2019-12-31T08:21:36.212939,30096.212939,17
90324,2019-12-31T08:22:17.091533,30137.091533,17
90325,2019-12-31T08:22:17.481587,30137.481587,17
90326,2019-12-31T08:22:21.155657,30141.155657,17
90327,2019-12-31T08:22:21.536132,30141.536132,17
90328,2019-12-31T08:22:25.134957,30145.134957,17
90329,2019-12-31T08:22:25.490480,30145.49048,17
90330,2019-12-31T08:22:29.109992,30149.109992,17
90331,2019-12-31T08:22:29.485930,30149.48593,17
90332,2019-12-31T08:22:33.066072,30153.066072,17
90333,2019-12-31T08:22:33.440839,30153.440839,17
90334,2019-12-31T08:22:37.003347,30157.003347,17
90335,2019-12-31T08:22:37.368599,30157.368599,17
90336,2019-12-31T08:22:40.917362,30160.917362,17
90337,2019-12-31T08:22:41.282478,30161.282478,17
90338,2019-12-31T08:22:44.827976,30164.827976,17
90339,2019-12-31T08:22:44.916045,30164.916045,17
90340,2019-12-31T08:23:54.310231,30234.310231,17
90341,2019-12-31T08:23:54.923307,30234.923307,17
90342,2019-12-31T08:23:59.486991,30239.486991,17
90343,2019-12-31T08:24:00.497943,30240.497943,17
90344,2019-12-31T08:24:07.467083,30247.467083,17
90345,2019-12-31T08:24:10.650737,30250.650737,17
90346,2019-12-31T08:24:33.296298,30273.296298,17
90347,2019-12-31T08:24:34.088265,30274.088265,17
90348,2019-12-31T08:25:29.663290,30329.66329,17
90349,2019-12-31T08:26:00.488511,30360.488511,17
90350,2019-12-31T08:26:09.588182,30369.588182,17
90351,2019-12-31T08:26:11.807984,30371.807984,17
90352,2019-12-31T08:26:32.766362,30392.766362,17
90353,2019-12-31T08:27:26.854660,30446.85466,17
90354,2019-12-31T08:29:06.516441,30546.516441,17
90355,2019-12-31T08:29:08.304475,30548.304475,17
90356,2019-12-31T08:29:15.398112,30555.398112,17
90357,2019-12-31T08:29:17.112766,30557.112766,17
90358,2019-12-31T08:29:24.174501,30564.174501,17
90359,2019-12-31T08:29:26.009032,30566.009032,17
90360,2019-12-31T08:29:33.084480,30573.08448,17
90361,2019-12-31T08:29:34.884449,30574.884449,17
90362,2019-12-31T08:30:28.661635,30628.661635,17
90363,2019-12-31T08:30:29.086230,30629.08623,17
90364,2019-12-31T08:30:32.160110,30632.16011,17
90365,2019-12-31T08:30:32.327640,30632.32764,17
90366,2019-12-31T08:30:38.910057,30638.910057,17
90367,2019-12-31T08:30:40.564613,30640.564613,17
90368,2019-12-31T08:31:05.346375,30665.346375,17
90369,2019-12-31T08:31:06.355990,30666.35599,17
90370,2019-12-31T08:31:35.301503,30695.301503,17
90371,2019-12-31T08:31:48.158470,30708.15847,17
90372,2019-12-31T08:32:14.777505,30734.777505,17
90373,2019-12-31T08:32:25.623525,30745.623525,17
90374,2019-12-31T08:32:34.000721,30754.000721,17
90375,2019-12-31T08:32:37.023612,30757.023612,17
90376,2019-12-31T08:35:01.750944,30901.750944,17
90377,2019-12-31T08:35:02.350552,30902.350552,17
90378,2019-12-31T08:35:06.532408,30906.532408,17
90379,2019-12-31T08:35:07.171833,30907.171833,17
90380,2019-12-31T08:37:27.264448,31047.264448,17
90381,2019-12-31T08:37:34.668257,31054.668257,17
90382,2019-12-31T08:37:38.846580,31058.84658,17
90383,2019-12-31T08:37:39.481477,31059.481477,17
90384,2019-12-31T08:37:43.761445,31063.761445,17
90385,2019-12-31T08:37:44.408362,31064.408362,17
90386,2019-12-31T08:37:48.652813,31068.652813,17
90387,2019-12-31T08:37:49.317237,31069.317237,17
90388,2019-12-31T08:37:53.566348,31073.566348,17
90389,2019-12-31T08:37:54.192017,31074.192017,17
90390,2019-12-31T08:37:58.424433,31078.424433,17
90391,2019-12-31T08:37:59.036394,31079.036394,17
90392,2019-12-31T08:38:03.255876,31083.255876,17
90393,2019-12-31T08:38:03.901294,31083.901294,17
90394,2019-12-31T08:38:08.041930,31088.04193,17
90395,2019-12-31T08:38:08.680162,31088.680162,17
90396,2019-12-31T08:38:12.860895,31092.860895,17
90397,2019-12-31T08:38:13.503817,31093.503817,17
90398,2019-12-31T08:39:42.434350,31182.43435,17
90399,2019-12-31T08:39:43.053579,31183.053579,17
90400,2019-12-31T08:39:47.215469,31187.215469,17
90401,2019-12-31T08:39:47.816584,31187.816584,17
90402,2019-12-31T08:43:26.334125,31406.334125,17
90403,2019-12-31T08:43:26.729194,31406.729194,17
90404,2019-12-31T08:43:30.439344,31410.439344,17
90405,2019-12-31T08:43:30.848666,31410.848666,17
90406,2019-12-31T08:46:44.991012,31604.991012,17
90407,2019-12-31T08:47:45.836249,31665.836249,17
90408,2019-12-31T09:01:19.272003,32479.272003,17
90409,2019-12-31T09:02:10.303255,32530.303255,17
90410,2019-12-31T09:02:14.146713,32534.146713,17
90411,2019-12-31T09:02:14.621613,32534.621613,17
90412,2019-12-31T09:02:55.319378,32575.319378,17
90413,2019-12-31T09:04:52.372171,32692.372171,17
90414,2019-12-31T09:06:10.741432,32770.741432,17
90415,2019-12-31T09:06:56.798993,32816.798993,17
90416,2019-12-31T09:12:26.723351,33146.723351,17
90417,2019-12-31T09:13:52.316571,33232.316571,17
90418,2019-12-31T09:13:56.383126,33236.383126,17
90419,2019-12-31T09:13:56.993324,33236.993324,17
90420,2019-12-31T09:15:01.287317,33301.287317,17
90421,2019-12-31T09:15:02.294505,33302.294505,17
90422,2019-12-31T09:15:07.376382,33307.376382,17
90423,2019-12-31T09:15:08.372134,33308.372134,17
90424,2019-12-31T09:15:58.062667,33358.062667,17
90425,2019-12-31T09:15:58.824565,33358.824565,17
90426,2019-12-31T09:16:03.031525,33363.031525,17
90427,2019-12-31T09:16:03.696449,33363.696449,17
90428,2019-12-31T09:16:09.379819,33369.379819,17
90429,2019-12-31T09:16:09.853447,33369.853447,17
90430,2019-12-31T09:16:21.624500,33381.6245,17
90431,2019-12-31T09:17:22.272923,33442.272923,17
90432,2019-12-31T09:17:30.887766,33450.887766,17
90433,2019-12-31T09:17:33.876567,33453.876567,17
90434,2019-12-31T09:17:44.171554,33464.171554,17
90435,2019-12-31T09:17:47.290916,33467.290916,17
90436,2019-12-31T09:18:45.191352,33525.191352,17
90437,2019-12-31T09:18:45.678700,33525.6787,17
90438,2019-12-31T09:18:49.691310,33529.69131,17
90439,2019-12-31T09:18:50.370310,33530.37031,17
90440,2019-12-31T09:18:57.395274,33537.395274,17
90441,2019-12-31T09:18:58.035563,33538.035563,17
90442,2019-12-31T09:19:09.095217,33549.095217,17
90443,2019-12-31T09:19:09.587484,33549.587484,17
90444,2019-12-31T09:19:15.895592,33555.895592,17
90445,2019-12-31T09:19:16.610871,33556.610871,17
90446,2019-12-31T09:19:21.066302,33561.066302,17
90447,2019-12-31T09:19:21.848270,33561.84827,17
90448,2019-12-31T09:19:26.297230,33566.29723,17
90449,2019-12-31T09:20:43.878620,33643.87862,17
90450,2019-12-31T09:21:54.727135,33714.727135,17
90451,2019-12-31T09:22:46.369204,33766.369204,17
90452,2019-12-31T09:29:32.646099,34172.646099,17
90453,2019-12-31T09:29:33.324629,34173.324629,17
90454,2019-12-31T09:29:37.651433,34177.651433,17
90455,2019-12-31T09:29:38.338938,34178.338938,17
90456,2019-12-31T09:29:42.654626,34182.654626,17
90457,2019-12-31T09:29:43.292131,34183.292131,17
90458,2019-12-31T09:29:47.602725,34187.602725,17
90459,2019-12-31T09:29:48.274152,34188.274152,17
90460,2019-12-31T09:29:52.603741,34192.603741,17
90461,2019-12-31T09:29:53.282830,34193.28283,17
90462,2019-12-31T09:29:57.574441,34197.574441,17
90463,2019-12-31T09:29:58.220431,34198.220431,17
90464,2019-12-31T09:30:02.504854,34202.504854,17
90465,2019-12-31T09:30:03.146758,34203.146758,17
90466,2019-12-31T09:30:07.405250,34207.40525,17
90467,2019-12-31T09:30:08.071277,34208.071277,17
90468,2019-12-31T09:31:31.637646,34291.637646,17
90469,2019-12-31T09:32:14.424592,34334.424592,17
90470,2019-12-31T09:32:50.790294,34370.790294,17
90471,2019-12-31T09:32:51.693903,34371.693903,17
90472,2019-12-31T09:39:40.026863,34780.026863,17
90473,2019-12-31T09:39:40.871274,34780.871274,17
90474,2019-12-31T09:44:18.818037,35058.818037,17
90475,2019-12-31T09:44:19.317964,35059.317964,17
90476,2019-12-31T09:50:15.485818,35415.485818,17
90477,2019-12-31T09:50:15.990050,35415.99005,17
90478,2019-12-31T09:50:22.775758,35422.775758,17
90479,2019-12-31T09:53:55.304123,35635.304123,17
90480,2019-12-31T09:53:59.250716,35639.250716,17
90481,2019-12-31T09:54:00.536583,35640.536583,17
90482,2019-12-31T09:54:04.894356,35644.894356,17
90483,2019-12-31T09:54:05.584674,35645.584674,17
90484,2019-12-31T09:54:09.998852,35649.998852,17
90485,2019-12-31T09:54:10.661469,35650.661469,17
90486,2019-12-31T09:54:14.993444,35654.993444,17
90487,2019-12-31T09:54:15.685119,35655.685119,17
90488,2019-12-31T09:54:20.013542,35660.013542,17
90489,2019-12-31T09:54:20.686850,35660.68685,17
90490,2019-12-31T09:54:42.361864,35682.361864,17
90491,2019-12-31T09:54:42.990760,35682.99076,17
90492,2019-12-31T10:01:58.394536,36118.394536,17
90493,2019-12-31T10:01:59.137887,36119.137887,17
90494,2019-12-31T10:02:03.241394,36123.241394,17
90495,2019-12-31T10:02:03.504932,36123.504932,17
90496,2019-12-31T10:02:07.719033,36127.719033,17
90497,2019-12-31T10:02:08.344306,36128.344306,17
90498,2019-12-31T10:02:12.744968,36132.744968,17
90499,2019-12-31T10:02:13.457133,36133.457133,17
90500,2019-12-31T10:02:17.980599,36137.980599,17
90501,2019-12-31T10:02:18.577758,36138.577758,17
90502,2019-12-31T10:02:23.095191,36143.095191,17
90503,2019-12-31T10:02:23.855119,36143.855119,17
90504,2019-12-31T10:02:28.353124,36148.353124,17
90505,2019-12-31T10:02:29.096098,36149.096098,17
90506,2019-12-31T10:02:33.583123,36153.583123,17
90507,2019-12-31T10:02:34.340992,36154.340992,17
90508,2019-12-31T10:02:38.827278,36158.827278,17
90509,2019-12-31T10:02:39.584522,36159.584522,17
90510,2019-12-31T10:02:44.083074,36164.083074,17
90511,2019-12-31T10:02:44.830938,36164.830938,17
90512,2019-12-31T10:02:49.349406,36169.349406,17
90513,2019-12-31T10:02:50.107113,36170.107113,17
90514,2019-12-31T10:02:54.626118,36174.626118,17
90515,2019-12-31T10:02:55.429321,36175.429321,17
90516,2019-12-31T10:03:03.141825,36183.141825,17
90517,2019-12-31T10:03:04.779687,36184.779687,17
90518,2019-12-31T10:03:17.521640,36197.52164,17
90519,2019-12-31T10:04:04.678249,36244.678249,17
90520,2019-12-31T10:04:09.666398,36249.666398,17
90521,2019-12-31T10:04:10.651312,36250.651312,17
90522,2019-12-31T10:04:15.748963,36255.748963,17
90523,2019-12-31T10:04:16.764542,36256.764542,17
90524,2019-12-31T10:04:21.939787,36261.939787,17
90525,2019-12-31T10:04:22.903242,36262.903242,17
90526,2019-12-31T10:04:28.133995,36268.133995,17
90527,2019-12-31T10:04:29.199096,36269.199096,17
90528,2019-12-31T10:07:57.137142,36477.137142,17
90529,2019-12-31T10:08:02.305050,36482.30505,17
90530,2019-12-31T10:09:05.926392,36545.926392,17
90531,2019-12-31T10:09:06.354216,36546.354216,17
90532,2019-12-31T10:09:10.113246,36550.113246,17
90533,2019-12-31T10:09:10.554326,36550.554326,17
90534,2019-12-31T10:09:14.284627,36554.284627,17
90535,2019-12-31T10:09:14.720006,36554.720006,17
90536,2019-12-31T10:09:18.316593,36558.316593,17
90537,2019-12-31T10:09:18.649325,36558.649325,17
90538,2019-12-31T10:09:22.126438,36562.126438,17
90539,2019-12-31T10:09:22.427088,36562.427088,17
90540,2019-12-31T10:09:25.877053,36565.877053,17
90541,2019-12-31T10:09:26.183847,36566.183847,17
90542,2019-12-31T10:09:29.583345,36569.583345,17
90543,2019-12-31T10:09:29.886223,36569.886223,17
90544,2019-12-31T10:09:33.310534,36573.310534,17
90545,2019-12-31T10:09:33.596593,36573.596593,17
90546,2019-12-31T10:09:37.048344,36577.048344,17
90547,2019-12-31T10:09:37.352442,36577.352442,17
90548,2019-12-31T10:09:40.794430,36580.79443,17
90549,2019-12-31T10:09:41.116003,36581.116003,17
90550,2019-12-31T10:09:44.524453,36584.524453,17
90551,2019-12-31T10:09:44.818416,36584.818416,17
90552,2019-12-31T10:09:48.227055,36588.227055,17
90553,2019-12-31T10:09:48.508019,36588.508019,17
90554,2019-12-31T10:09:51.941549,36591.941549,17
90555,2019-12-31T10:09:52.256082,36592.256082,17
90556,2019-12-31T10:09:55.664910,36595.66491,17
90557,2019-12-31T10:09:55.977678,36595.977678,17
90558,2019-12-31T10:09:59.408521,36599.408521,17
90559,2019-12-31T10:09:59.696479,36599.696479,17
90560,2019-12-31T10:10:03.130571,36603.130571,17
90561,2019-12-31T10:10:03.449802,36603.449802,17
90562,2019-12-31T10:10:06.827211,36606.827211,17
90563,2019-12-31T10:10:07.125965,36607.125965,17
90564,2019-12-31T10:10:10.535578,36610.535578,17
90565,2019-12-31T10:10:10.812824,36610.812824,17
90566,2019-12-31T10:10:14.185710,36614.18571,17
90567,2019-12-31T10:10:14.485347,36614.485347,17
90568,2019-12-31T10:10:17.896233,36617.896233,17
90569,2019-12-31T10:10:18.210308,36618.210308,17
90570,2019-12-31T10:10:26.878176,36626.878176,17
90571,2019-12-31T10:10:50.065193,36650.065193,17
90572,2019-12-31T10:11:01.036337,36661.036337,17
90573,2019-12-31T10:11:01.395886,36661.395886,17
90574,2019-12-31T10:11:05.016818,36665.016818,17
90575,2019-12-31T10:11:05.421408,36665.421408,17
90576,2019-12-31T10:11:09.053061,36669.053061,17
90577,2019-12-31T10:11:09.417864,36669.417864,17
90578,2019-12-31T10:11:13.011887,36673.011887,17
90579,2019-12-31T10:11:13.359127,36673.359127,17
90580,2019-12-31T10:11:16.947351,36676.947351,17
90581,2019-12-31T10:11:17.322868,36677.322868,17
90582,2019-12-31T10:11:20.892469,36680.892469,17
90583,2019-12-31T10:11:21.280609,36681.280609,17
90584,2019-12-31T10:11:24.891792,36684.891792,17
90585,2019-12-31T10:11:25.251700,36685.2517,17
90586,2019-12-31T10:11:28.865087,36688.865087,17
90587,2019-12-31T10:11:29.245959,36689.245959,17
90588,2019-12-31T10:50:18.575678,39018.575678,17
90589,2019-12-31T10:50:19.385478,39019.385478,17
90590,2019-12-31T10:50:23.264305,39023.264305,17
90591,2019-12-31T10:50:23.560175,39023.560175,17
90592,2019-12-31T10:50:28.189456,39028.189456,17
90593,2019-12-31T10:50:28.985327,39028.985327,17
90594,2019-12-31T10:50:33.588023,39033.588023,17
90595,2019-12-31T10:50:34.424477,39034.424477,17
90596,2019-12-31T10:50:39.059491,39039.059491,17
90597,2019-12-31T10:50:39.871520,39039.87152,17
90598,2019-12-31T10:50:44.456033,39044.456033,17
90599,2019-12-31T10:50:45.228426,39045.228426,17
90600,2019-12-31T10:50:49.805355,39049.805355,17
90601,2019-12-31T10:50:50.586607,39050.586607,17
90602,2019-12-31T10:50:54.395425,39054.395425,17
90603,2019-12-31T10:50:54.570770,39054.57077,17
90604,2019-12-31T10:50:57.629832,39057.629832,17
90605,2019-12-31T10:50:57.750953,39057.750953,17
90606,2019-12-31T10:51:00.767313,39060.767313,17
90607,2019-12-31T10:51:00.889069,39060.889069,17
90608,2019-12-31T10:51:03.905990,39063.90599,17
90609,2019-12-31T10:51:04.077963,39064.077963,17
90610,2019-12-31T10:51:07.085256,39067.085256,17
90611,2019-12-31T10:51:07.208558,39067.208558,17
90612,2019-12-31T10:51:10.235250,39070.23525,17
90613,2019-12-31T10:51:10.360344,39070.360344,17
90614,2019-12-31T10:51:13.395218,39073.395218,17
90615,2019-12-31T10:51:13.546353,39073.546353,17
90616,2019-12-31T10:51:16.589233,39076.589233,17
90617,2019-12-31T10:51:16.734340,39076.73434,17
90618,2019-12-31T10:51:19.865151,39079.865151,17
90619,2019-12-31T10:51:20.346336,39080.346336,17
90620,2019-12-31T10:51:24.235758,39084.235758,17
90621,2019-12-31T10:51:24.729299,39084.729299,17
90622,2019-12-31T10:51:28.592367,39088.592367,17
90623,2019-12-31T10:51:29.092527,39089.092527,17
90624,2019-12-31T10:51:32.998370,39092.99837,17
90625,2019-12-31T10:51:33.497312,39093.497312,17
90626,2019-12-31T10:51:37.379038,39097.379038,17
90627,2019-12-31T10:51:37.857545,39097.857545,17
90628,2019-12-31T10:51:41.772400,39101.7724,17
90629,2019-12-31T10:51:42.297075,39102.297075,17
90630,2019-12-31T10:51:46.163047,39106.163047,17
90631,2019-12-31T10:51:46.670054,39106.670054,17
90632,2019-12-31T10:51:50.587858,39110.587858,17
90633,2019-12-31T10:51:51.060662,39111.060662,17
90634,2019-12-31T10:51:54.941413,39114.941413,17
90635,2019-12-31T10:51:55.441011,39115.441011,17
90636,2019-12-31T10:51:59.320907,39119.320907,17
90637,2019-12-31T10:51:59.828520,39119.82852,17
90638,2019-12-31T10:52:51.448594,39171.448594,17
90639,2019-12-31T10:52:51.916565,39171.916565,17
90640,2019-12-31T10:52:56.034155,39176.034155,17
90641,2019-12-31T10:52:56.473921,39176.473921,17
90642,2019-12-31T10:53:00.038603,39180.038603,17
90643,2019-12-31T10:53:00.493454,39180.493454,17
90644,2019-12-31T10:53:04.203406,39184.203406,17
90645,2019-12-31T10:53:04.604127,39184.604127,17
90646,2019-12-31T10:53:08.278462,39188.278462,17
90647,2019-12-31T10:53:08.680866,39188.680866,17
90648,2019-12-31T10:53:12.365460,39192.36546,17
90649,2019-12-31T10:53:12.799580,39192.79958,17
90650,2019-12-31T10:53:16.497167,39196.497167,17
90651,2019-12-31T10:53:16.929703,39196.929703,17
90652,2019-12-31T10:53:20.619409,39200.619409,17
90653,2019-12-31T10:53:20.988295,39200.988295,17
90654,2019-12-31T10:53:24.622312,39204.622312,17
90655,2019-12-31T10:53:25.044045,39205.044045,17
90656,2019-12-31T10:53:28.672296,39208.672296,17
90657,2019-12-31T10:53:29.071459,39209.071459,17
90658,2019-12-31T10:53:32.722302,39212.722302,17
90659,2019-12-31T10:53:33.099766,39213.099766,17
90660,2019-12-31T10:53:36.790529,39216.790529,17
90661,2019-12-31T10:53:37.199970,39217.19997,17
90662,2019-12-31T10:53:40.876224,39220.876224,17
90663,2019-12-31T10:53:41.300499,39221.300499,17
90664,2019-12-31T10:53:44.980707,39224.980707,17
90665,2019-12-31T10:53:45.384278,39225.384278,17
90666,2019-12-31T10:53:50.683320,39230.68332,17
90667,2019-12-31T10:53:51.732243,39231.732243,17
90668,2019-12-31T10:54:54.110722,39294.110722,17
90669,2019-12-31T10:54:54.790268,39294.790268,17
90670,2019-12-31T10:54:59.067699,39299.067699,17
90671,2019-12-31T10:54:59.731812,39299.731812,17
90672,2019-12-31T10:55:03.999670,39303.99967,17
90673,2019-12-31T10:55:04.637880,39304.63788,17
90674,2019-12-31T10:55:08.908748,39308.908748,17
90675,2019-12-31T10:55:09.741667,39309.741667,17
90676,2019-12-31T10:55:13.969922,39313.969922,17
90677,2019-12-31T10:55:14.345170,39314.34517,17
90678,2019-12-31T10:55:17.914757,39317.914757,17
90679,2019-12-31T10:55:18.295773,39318.295773,17
90680,2019-12-31T10:55:21.922703,39321.922703,17
90681,2019-12-31T10:55:22.280511,39322.280511,17
90682,2019-12-31T10:55:25.869508,39325.869508,17
90683,2019-12-31T10:55:26.267465,39326.267465,17
90684,2019-12-31T10:55:29.910255,39329.910255,17
90685,2019-12-31T10:55:30.295152,39330.295152,17
90686,2019-12-31T10:55:33.912490,39333.91249,17
90687,2019-12-31T10:55:34.275474,39334.275474,17
90688,2019-12-31T10:55:37.922315,39337.922315,17
90689,2019-12-31T10:55:38.325702,39338.325702,17
90690,2019-12-31T10:55:41.925433,39341.925433,17
90691,2019-12-31T10:55:42.335238,39342.335238,17
90692,2019-12-31T10:55:45.957404,39345.957404,17
90693,2019-12-31T10:55:46.315639,39346.315639,17
90694,2019-12-31T10:55:49.917367,39349.917367,17
90695,2019-12-31T10:55:50.299400,39350.2994,17
90696,2019-12-31T10:55:53.913328,39353.913328,17
90697,2019-12-31T10:55:54.309346,39354.309346,17
90698,2019-12-31T10:55:57.891288,39357.891288,17
90699,2019-12-31T10:55:58.264181,39358.264181,17
90700,2019-12-31T10:56:01.851277,39361.851277,17
90701,2019-12-31T10:56:02.198820,39362.19882,17
90702,2019-12-31T10:56:05.747385,39365.747385,17
90703,2019-12-31T10:56:06.159422,39366.159422,17
90704,2019-12-31T10:56:09.735256,39369.735256,17
90705,2019-12-31T10:56:10.107881,39370.107881,17
90706,2019-12-31T10:56:13.696909,39373.696909,17
90707,2019-12-31T10:56:14.060600,39374.0606,17
90708,2019-12-31T10:56:17.655165,39377.655165,17
90709,2019-12-31T10:56:18.027013,39378.027013,17
90710,2019-12-31T10:56:21.614225,39381.614225,17
90711,2019-12-31T10:56:21.993146,39381.993146,17
90712,2019-12-31T10:56:25.576551,39385.576551,17
90713,2019-12-31T10:56:25.944257,39385.944257,17
90714,2019-12-31T10:56:29.517085,39389.517085,17
90715,2019-12-31T10:56:29.885425,39389.885425,17
90716,2019-12-31T10:56:33.488632,39393.488632,17
90717,2019-12-31T10:56:33.882385,39393.882385,17
90718,2019-12-31T10:56:37.491066,39397.491066,17
90719,2019-12-31T10:56:37.883076,39397.883076,17
90720,2019-12-31T10:56:41.469058,39401.469058,17
90721,2019-12-31T10:56:41.830842,39401.830842,17
90722,2019-12-31T10:56:45.439735,39405.439735,17
90723,2019-12-31T10:56:45.829454,39405.829454,17
90724,2019-12-31T10:56:49.452545,39409.452545,17
90725,2019-12-31T10:56:49.838992,39409.838992,17
90726,2019-12-31T10:56:53.447325,39413.447325,17
90727,2019-12-31T10:56:53.833310,39413.83331,17
90728,2019-12-31T10:56:57.452921,39417.452921,17
90729,2019-12-31T10:56:57.848659,39417.848659,17
90730,2019-12-31T10:57:01.483425,39421.483425,17
90731,2019-12-31T10:57:01.877733,39421.877733,17
90732,2019-12-31T10:57:05.463244,39425.463244,17
90733,2019-12-31T10:57:05.837438,39425.837438,17
90734,2019-12-31T10:57:09.458841,39429.458841,17
90735,2019-12-31T10:57:09.836844,39429.836844,17
90736,2019-12-31T10:57:13.454800,39433.4548,17
90737,2019-12-31T10:57:13.852616,39433.852616,17
90738,2019-12-31T10:57:17.481160,39437.48116,17
90739,2019-12-31T10:57:17.870350,39437.87035,17
90740,2019-12-31T10:57:21.518762,39441.518762,17
90741,2019-12-31T10:57:21.904436,39441.904436,17
90742,2019-12-31T10:57:25.545736,39445.545736,17
90743,2019-12-31T10:57:25.945222,39445.945222,17
90744,2019-12-31T10:57:29.592904,39449.592904,17
90745,2019-12-31T10:57:29.994995,39449.994995,17
90746,2019-12-31T10:57:33.630349,39453.630349,17
90747,2019-12-31T10:57:34.000260,39454.00026,17
90748,2019-12-31T10:57:37.618476,39457.618476,17
90749,2019-12-31T10:57:37.980070,39457.98007,17
90750,2019-12-31T10:57:41.552709,39461.552709,17
90751,2019-12-31T10:57:41.956667,39461.956667,17
90752,2019-12-31T10:57:45.577906,39465.577906,17
90753,2019-12-31T10:57:45.952566,39465.952566,17
90754,2019-12-31T10:57:49.544566,39469.544566,17
90755,2019-12-31T10:57:49.921287,39469.921287,17
90756,2019-12-31T11:09:39.961731,40179.961731,17
90757,2019-12-31T11:40:48.681840,42048.68184,17
90758,2019-12-31T12:01:17.785425,43277.785425,17
90759,2019-12-31T12:01:18.850773,43278.850773,17
90760,2019-12-31T12:01:29.303521,43289.303521,17
90761,2019-12-31T12:01:30.010030,43290.01003,17
90762,2019-12-31T12:01:34.433457,43294.433457,17
90763,2019-12-31T12:01:35.151671,43295.151671,17
90764,2019-12-31T12:01:39.596283,43299.596283,17
90765,2019-12-31T12:01:40.332125,43300.332125,17
90766,2019-12-31T12:01:44.810609,43304.810609,17
90767,2019-12-31T12:01:45.536461,43305.536461,17
90768,2019-12-31T12:11:36.009395,43896.009395,17
90769,2019-12-31T12:11:36.746828,43896.746828,17
90770,2019-12-31T12:40:05.779204,45605.779204,17
90771,2019-12-31T12:45:20.580103,45920.580103,17
90772,2019-12-31T12:45:21.134807,45921.134807,17
90773,2019-12-31T12:45:25.098029,45925.098029,17
90774,2019-12-31T12:45:25.595860,45925.59586,17
90775,2019-12-31T13:05:42.802382,47142.802382,17
90776,2019-12-31T13:06:00.024378,47160.024378,17
90777,2019-12-31T13:07:07.120511,47227.120511,17
90778,2019-12-31T13:07:16.557457,47236.557457,17
90779,2019-12-31T13:09:47.553549,47387.553549,17
90780,2019-12-31T13:09:48.321163,47388.321163,17
90781,2019-12-31T13:09:52.881508,47392.881508,17
90782,2019-12-31T13:09:53.615660,47393.61566,17
90783,2019-12-31T13:09:58.137469,47398.137469,17
90784,2019-12-31T13:09:58.903020,47398.90302,17
90785,2019-12-31T13:10:03.447436,47403.447436,17
90786,2019-12-31T13:10:04.200093,47404.200093,17
90787,2019-12-31T13:10:09.220914,47409.220914,17
90788,2019-12-31T13:10:18.471995,47418.471995,17
90789,2019-12-31T13:10:23.524848,47423.524848,17
90790,2019-12-31T13:10:24.217242,47424.217242,17
90791,2019-12-31T13:11:06.303086,47466.303086,17
90792,2019-12-31T13:11:07.040965,47467.040965,17
90793,2019-12-31T13:12:00.464754,47520.464754,17
90794,2019-12-31T13:12:06.624674,47526.624674,17
90795,2019-12-31T13:13:00.099893,47580.099893,17
90796,2019-12-31T13:13:02.438381,47582.438381,17
90797,2019-12-31T13:15:20.210469,47720.210469,17
90798,2019-12-31T13:15:22.515212,47722.515212,17
90799,2019-12-31T13:16:13.284368,47773.284368,17
90800,2019-12-31T13:16:38.352641,47798.352641,17
90801,2019-12-31T13:17:16.037818,47836.037818,17
90802,2019-12-31T13:17:30.853088,47850.853088,17
90803,2019-12-31T13:18:05.790521,47885.790521,17
90804,2019-12-31T13:18:06.593120,47886.59312,17
90805,2019-12-31T13:18:55.254210,47935.25421,17
90806,2019-12-31T13:18:57.316678,47937.316678,17
90807,2019-12-31T13:19:12.066086,47952.066086,17
90808,2019-12-31T13:19:37.941078,47977.941078,17
90809,2019-12-31T13:20:06.472037,48006.472037,17
90810,2019-12-31T13:20:37.233395,48037.233395,17
90811,2019-12-31T13:24:05.716237,48245.716237,17
90812,2019-12-31T13:24:05.996466,48245.996466,17
90813,2019-12-31T13:24:09.906307,48249.906307,17
90814,2019-12-31T13:24:10.404370,48250.40437,17
90815,2019-12-31T13:24:14.266163,48254.266163,17
90816,2019-12-31T13:24:14.732954,48254.732954,17
90817,2019-12-31T13:24:18.596135,48258.596135,17
90818,2019-12-31T13:24:19.086476,48259.086476,17
90819,2019-12-31T13:24:22.942346,48262.942346,17
90820,2019-12-31T13:24:23.447003,48263.447003,17
90821,2019-12-31T13:24:27.311683,48267.311683,17
90822,2019-12-31T13:24:27.780324,48267.780324,17
90823,2019-12-31T13:24:31.651017,48271.651017,17
90824,2019-12-31T13:24:31.969615,48271.969615,17
90825,2019-12-31T13:24:35.125923,48275.125923,17
90826,2019-12-31T13:24:35.590592,48275.590592,17
90827,2019-12-31T13:24:39.448013,48279.448013,17
90828,2019-12-31T13:24:39.933449,48279.933449,17
90829,2019-12-31T13:24:43.814193,48283.814193,17
90830,2019-12-31T13:24:44.295115,48284.295115,17
90831,2019-12-31T13:24:48.158663,48288.158663,17
90832,2019-12-31T13:24:48.686487,48288.686487,17
90833,2019-12-31T13:24:52.587578,48292.587578,17
90834,2019-12-31T13:24:53.085318,48293.085318,17
90835,2019-12-31T13:24:56.974466,48296.974466,17
90836,2019-12-31T13:24:57.476117,48297.476117,17
90837,2019-12-31T13:25:01.047848,48301.047848,17
90838,2019-12-31T13:25:01.173296,48301.173296,17
90839,2019-12-31T13:25:04.252948,48304.252948,17
90840,2019-12-31T13:25:04.969180,48304.96918,17
90841,2019-12-31T13:25:09.795830,48309.79583,17
90842,2019-12-31T13:25:10.923387,48310.923387,17
90843,2019-12-31T13:25:18.108201,48318.108201,17
90844,2019-12-31T13:25:21.587247,48321.587247,17
90845,2019-12-31T13:25:50.826324,48350.826324,17
90846,2019-12-31T13:26:13.803593,48373.803593,17
90847,2019-12-31T13:27:04.865541,48424.865541,17
90848,2019-12-31T13:27:05.781778,48425.781778,17
90849,2019-12-31T13:27:13.090258,48433.090258,17
90850,2019-12-31T13:27:13.755273,48433.755273,17
90851,2019-12-31T13:27:21.554998,48441.554998,17
90852,2019-12-31T13:27:22.652946,48442.652946,17
90853,2019-12-31T13:27:47.796672,48467.796672,17
90854,2019-12-31T13:27:48.479726,48468.479726,17
90855,2019-12-31T13:27:52.820796,48472.820796,17
90856,2019-12-31T13:27:56.777288,48476.777288,17
90857,2019-12-31T13:28:08.822697,48488.822697,17
90858,2019-12-31T13:28:21.632034,48501.632034,17
90859,2019-12-31T13:28:25.940596,48505.940596,17
90860,2019-12-31T13:28:26.660274,48506.660274,17
90861,2019-12-31T13:28:31.070555,48511.070555,17
90862,2019-12-31T13:28:31.774286,48511.774286,17
90863,2019-12-31T13:32:07.465202,48727.465202,17
90864,2019-12-31T13:36:01.314468,48961.314468,17
90865,2019-12-31T13:39:26.837634,49166.837634,17
90866,2019-12-31T13:39:27.311291,49167.311291,17
90867,2019-12-31T13:41:15.741868,49275.741868,17
90868,2019-12-31T13:41:16.227849,49276.227849,17
90869,2019-12-31T14:02:30.907599,50550.907599,17
90870,2019-12-31T14:18:34.918558,51514.918558,17
90871,2019-12-31T14:18:39.085379,51519.085379,17
90872,2019-12-31T14:18:39.652225,51519.652225,17
90873,2019-12-31T14:18:43.742593,51523.742593,17
90874,2019-12-31T14:20:13.606223,51613.606223,17
90875,2019-12-31T14:22:22.724772,51742.724772,17
90876,2019-12-31T14:22:23.095305,51743.095305,17
90877,2019-12-31T14:22:26.729950,51746.72995,17
90878,2019-12-31T14:22:27.097393,51747.097393,17
90879,2019-12-31T14:22:30.716849,51750.716849,17
90880,2019-12-31T14:22:31.126344,51751.126344,17
90881,2019-12-31T14:22:34.757945,51754.757945,17
90882,2019-12-31T14:22:35.124824,51755.124824,17
90883,2019-12-31T14:22:38.727285,51758.727285,17
90884,2019-12-31T14:22:39.095940,51759.09594,17
90885,2019-12-31T14:22:42.745758,51762.745758,17
90886,2019-12-31T14:22:43.136503,51763.136503,17
90887,2019-12-31T14:22:46.763827,51766.763827,17
90888,2019-12-31T14:22:47.154387,51767.154387,17
90889,2019-12-31T14:22:50.760993,51770.760993,17
90890,2019-12-31T14:22:51.110975,51771.110975,17
90891,2019-12-31T14:22:54.683800,51774.6838,17
90892,2019-12-31T14:22:55.061539,51775.061539,17
90893,2019-12-31T14:22:58.643784,51778.643784,17
90894,2019-12-31T14:22:59.021201,51779.021201,17
90895,2019-12-31T14:23:02.585315,51782.585315,17
90896,2019-12-31T14:23:02.933666,51782.933666,17
90897,2019-12-31T14:23:06.490631,51786.490631,17
90898,2019-12-31T14:23:06.815455,51786.815455,17
90899,2019-12-31T14:23:10.356744,51790.356744,17
90900,2019-12-31T14:23:10.713872,51790.713872,17
90901,2019-12-31T14:26:02.910792,51962.910792,17
90902,2019-12-31T14:26:03.647190,51963.64719,17
90903,2019-12-31T14:26:08.109649,51968.109649,17
90904,2019-12-31T14:26:19.410341,51979.410341,17
90905,2019-12-31T14:26:24.037898,51984.037898,17
90906,2019-12-31T14:26:24.863293,51984.863293,17
90907,2019-12-31T14:27:50.926119,52070.926119,17
90908,2019-12-31T14:27:51.643484,52071.643484,17
90909,2019-12-31T14:27:56.038063,52076.038063,17
90910,2019-12-31T14:27:56.724755,52076.724755,17
90911,2019-12-31T14:33:53.496185,52433.496185,17
90912,2019-12-31T14:33:54.207256,52434.207256,17
90913,2019-12-31T14:34:07.628241,52447.628241,17
90914,2019-12-31T14:34:08.344785,52448.344785,17
90915,2019-12-31T14:37:02.371483,52622.371483,17
90916,2019-12-31T14:37:45.424977,52665.424977,17
90917,2019-12-31T14:39:21.456127,52761.456127,17
90918,2019-12-31T14:39:21.973790,52761.97379,17
90919,2019-12-31T14:39:33.148953,52773.148953,17
90920,2019-12-31T14:39:34.267224,52774.267224,17
90921,2019-12-31T14:39:39.539819,52779.539819,17
90922,2019-12-31T14:39:40.604289,52780.604289,17
90923,2019-12-31T14:39:44.837951,52784.837951,17
90924,2019-12-31T14:39:45.467192,52785.467192,17
90925,2019-12-31T14:39:51.247239,52791.247239,17
90926,2019-12-31T14:39:53.205228,52793.205228,17
90927,2019-12-31T14:39:57.761880,52797.76188,17
90928,2019-12-31T14:39:58.507554,52798.507554,17
90929,2019-12-31T14:44:00.328469,53040.328469,17
90930,2019-12-31T14:44:01.093088,53041.093088,17
90931,2019-12-31T14:44:05.729960,53045.72996,17
90932,2019-12-31T14:44:06.529838,53046.529838,17
90933,2019-12-31T14:44:11.164623,53051.164623,17
90934,2019-12-31T14:44:11.996083,53051.996083,17
90935,2019-12-31T14:44:16.582877,53056.582877,17
90936,2019-12-31T14:44:17.373661,53057.373661,17
90937,2019-12-31T14:45:07.773012,53107.773012,17
90938,2019-12-31T14:57:04.416571,53824.416571,17
90939,2019-12-31T14:57:08.147640,53828.14764,17
90940,2019-12-31T14:57:08.614280,53828.61428,17
90941,2019-12-31T14:57:12.207668,53832.207668,17
90942,2019-12-31T14:57:12.574456,53832.574456,17
90943,2019-12-31T14:57:16.139569,53836.139569,17
90944,2019-12-31T14:57:16.498686,53836.498686,17
90945,2019-12-31T14:57:20.063591,53840.063591,17
90946,2019-12-31T14:57:20.423551,53840.423551,17
90947,2019-12-31T14:57:23.987563,53843.987563,17
90948,2019-12-31T14:57:24.353447,53844.353447,17
90949,2019-12-31T14:57:27.893514,53847.893514,17
90950,2019-12-31T14:57:28.227700,53848.2277,17
90951,2019-12-31T14:57:31.744365,53851.744365,17
90952,2019-12-31T14:57:32.074747,53852.074747,17
90953,2019-12-31T14:57:35.644081,53855.644081,17
90954,2019-12-31T14:57:36.006341,53856.006341,17
90955,2019-12-31T15:07:02.788327,54422.788327,17
90956,2019-12-31T15:10:25.691365,54625.691365,17
90957,2019-12-31T15:10:30.112761,54630.112761,17
90958,2019-12-31T15:10:30.799256,54630.799256,17
90959,2019-12-31T15:10:35.219882,54635.219882,17
90960,2019-12-31T15:10:35.946526,54635.946526,17
90961,2019-12-31T15:11:55.109906,54715.109906,17
90962,2019-12-31T15:11:55.825064,54715.825064,17
90963,2019-12-31T15:12:00.251031,54720.251031,17
90964,2019-12-31T15:12:00.942818,54720.942818,17
90965,2019-12-31T15:15:50.548415,54950.548415,17
90966,2019-12-31T15:15:55.386102,54955.386102,17
90967,2019-12-31T15:18:31.917391,55111.917391,17
90968,2019-12-31T15:18:32.900070,55112.90007,17
90969,2019-12-31T15:20:35.138970,55235.13897,17
90970,2019-12-31T15:20:35.605961,55235.605961,17
90971,2019-12-31T15:20:39.390098,55239.390098,17
90972,2019-12-31T15:20:47.102751,55247.102751,17
90973,2019-12-31T15:21:09.658060,55269.65806,17
90974,2019-12-31T15:21:10.412459,55270.412459,17
90975,2019-12-31T15:21:41.762206,55301.762206,17
90976,2019-12-31T15:21:42.282724,55302.282724,17
90977,2019-12-31T15:29:15.863444,55755.863444,17
90978,2019-12-31T15:29:16.608194,55756.608194,17
90979,2019-12-31T15:29:21.150222,55761.150222,17
90980,2019-12-31T15:29:21.937420,55761.93742,17
90981,2019-12-31T15:29:26.520264,55766.520264,17
90982,2019-12-31T15:29:27.323876,55767.323876,17
90983,2019-12-31T15:29:31.901275,55771.901275,17
90984,2019-12-31T15:29:32.689106,55772.689106,17
90985,2019-12-31T15:29:37.334247,55777.334247,17
90986,2019-12-31T15:29:38.126027,55778.126027,17
90987,2019-12-31T15:29:42.772023,55782.772023,17
90988,2019-12-31T15:29:43.601098,55783.601098,17
90989,2019-12-31T15:44:10.349768,56650.349768,17
90990,2019-12-31T15:51:15.587600,57075.5876,17
90991,2019-12-31T15:52:05.417047,57125.417047,17
90992,2019-12-31T16:19:56.859716,58796.859716,17
90993,2019-12-31T16:56:16.678188,60976.678188,17
90994,2019-12-31T16:56:17.546137,60977.546137,17
90995,2019-12-31T17:28:56.072807,62936.072807,17
90996,2019-12-31T17:28:56.895345,62936.895345,17
90997,2019-12-31T17:45:06.745242,63906.745242,17
90998,2019-12-31T17:45:06.820098,63906.820098,17
90999,2019-12-31T17:45:10.316689,63910.316689,17
91000,2019-12-31T17:45:10.844118,63910.844118,17
91001,2019-12-31T17:45:14.798930,63914.79893,17
91002,2019-12-31T17:45:15.346959,63915.346959,17
91003,2019-12-31T17:45:19.293960,63919.29396,17
91004,2019-12-31T17:45:19.807143,63919.807143,17
91005,2019-12-31T17:45:23.781024,63923.781024,17
91006,2019-12-31T17:45:24.304466,63924.304466,17
91007,2019-12-31T17:45:28.245893,63928.245893,17
91008,2019-12-31T17:45:28.795493,63928.795493,17
91009,2019-12-31T17:45:32.742839,63932.742839,17
91010,2019-12-31T17:45:33.265089,63933.265089,17
91011,2019-12-31T17:45:37.207578,63937.207578,17
91012,2019-12-31T17:45:37.721318,63937.721318,17
91013,2019-12-31T17:45:41.687118,63941.687118,17
91014,2019-12-31T17:45:42.211908,63942.211908,17
91015,2019-12-31T17:45:46.133742,63946.133742,17
91016,2019-12-31T17:45:46.672827,63946.672827,17
91017,2019-12-31T17:45:50.668731,63950.668731,17
91018,2019-12-31T17:45:51.176006,63951.176006,17
91019,2019-12-31T17:45:55.119584,63955.119584,17
91020,2019-12-31T17:45:55.646305,63955.646305,17
91021,2019-12-31T17:45:59.583545,63959.583545,17
91022,2019-12-31T17:46:00.127431,63960.127431,17
91023,2019-12-31T17:46:04.171723,63964.171723,17
91024,2019-12-31T17:46:04.773858,63964.773858,17
91025,2019-12-31T17:46:09.150829,63969.150829,17
91026,2019-12-31T17:46:09.932345,63969.932345,17
91027,2019-12-31T17:46:15.270002,63975.270002,17
91028,2019-12-31T17:46:16.827242,63976.827242,17
91029,2019-12-31T17:46:26.465177,63986.465177,17
91030,2019-12-31T17:46:33.171096,63993.171096,17
91031,2019-12-31T17:46:53.997201,64013.997201,17
91032,2019-12-31T17:47:10.026904,64030.026904,17
91033,2019-12-31T17:48:26.461913,64106.461913,17
91034,2019-12-31T17:48:29.809534,64109.809534,17
91035,2019-12-31T17:50:37.196721,64237.196721,17
91036,2019-12-31T17:52:01.633798,64321.633798,17
91037,2019-12-31T17:56:18.400989,64578.400989,17
91038,2019-12-31T17:58:32.977307,64712.977307,17
91039,2019-12-31T18:01:25.689654,64885.689654,17
91040,2019-12-31T18:01:26.459558,64886.459558,17
91041,2019-12-31T18:04:28.880220,65068.88022,17
91042,2019-12-31T18:04:29.372654,65069.372654,17
91043,2019-12-31T18:04:33.201095,65073.201095,17
91044,2019-12-31T18:04:33.686422,65073.686422,17
91045,2019-12-31T18:04:37.538386,65077.538386,17
91046,2019-12-31T18:04:38.008079,65078.008079,17
91047,2019-12-31T18:04:41.834063,65081.834063,17
91048,2019-12-31T18:04:42.322578,65082.322578,17
91049,2019-12-31T18:04:46.151350,65086.15135,17
91050,2019-12-31T18:04:46.617166,65086.617166,17
91051,2019-12-31T18:04:49.986425,65089.986425,17
91052,2019-12-31T18:04:53.747779,65093.747779,17
91053,2019-12-31T18:04:54.191100,65094.1911,17
91054,2019-12-31T18:04:57.933341,65097.933341,17
91055,2019-12-31T18:04:58.393503,65098.393503,17
91056,2019-12-31T18:05:02.156194,65102.156194,17
91057,2019-12-31T18:05:02.581084,65102.581084,17
91058,2019-12-31T18:05:06.337975,65106.337975,17
91059,2019-12-31T18:05:06.763887,65106.763887,17
91060,2019-12-31T18:05:10.541411,65110.541411,17
91061,2019-12-31T18:05:10.988975,65110.988975,17
91062,2019-12-31T18:05:14.737491,65114.737491,17
91063,2019-12-31T18:05:15.186941,65115.186941,17
91064,2019-12-31T18:05:19.009903,65119.009903,17
91065,2019-12-31T18:05:19.478878,65119.478878,17
91066,2019-12-31T18:05:23.543250,65123.54325,17
91067,2019-12-31T18:05:24.215522,65124.215522,17
91068,2019-12-31T18:05:28.886969,65128.886969,17
91069,2019-12-31T18:05:29.499779,65129.499779,17
91070,2019-12-31T18:05:32.709664,65132.709664,17
91071,2019-12-31T18:05:32.968997,65132.968997,17
91072,2019-12-31T18:05:36.363503,65136.363503,17
91073,2019-12-31T18:05:36.712061,65136.712061,17
91074,2019-12-31T18:05:40.278888,65140.278888,17
91075,2019-12-31T18:05:40.715520,65140.71552,17
91076,2019-12-31T18:05:44.531677,65144.531677,17
91077,2019-12-31T18:05:45.009482,65145.009482,17
91078,2019-12-31T18:05:48.908954,65148.908954,17
91079,2019-12-31T18:05:49.465128,65149.465128,17
91080,2019-12-31T18:05:53.529954,65153.529954,17
91081,2019-12-31T18:06:01.062645,65161.062645,17
91082,2019-12-31T18:06:56.653231,65216.653231,17
91083,2019-12-31T18:07:30.293922,65250.293922,17
91084,2019-12-31T18:10:00.629996,65400.629996,17
91085,2019-12-31T18:10:37.440827,65437.440827,17
91086,2019-12-31T18:10:44.822041,65444.822041,17
91087,2019-12-31T18:10:45.290155,65445.290155,17
91088,2019-12-31T18:10:49.056941,65449.056941,17
91089,2019-12-31T18:10:49.502284,65449.502284,17
91090,2019-12-31T18:10:53.301148,65453.301148,17
91091,2019-12-31T18:10:53.746560,65453.74656,17
91092,2019-12-31T18:10:57.533925,65457.533925,17
91093,2019-12-31T18:10:58.020767,65458.020767,17
91094,2019-12-31T18:11:01.835867,65461.835867,17
91095,2019-12-31T18:11:02.281047,65462.281047,17
91096,2019-12-31T18:11:06.065854,65466.065854,17
91097,2019-12-31T18:11:06.504869,65466.504869,17
91098,2019-12-31T18:11:10.324041,65470.324041,17
91099,2019-12-31T18:11:10.794794,65470.794794,17
91100,2019-12-31T18:11:14.579783,65474.579783,17
91101,2019-12-31T18:11:15.047856,65475.047856,17
91102,2019-12-31T18:11:18.844873,65478.844873,17
91103,2019-12-31T18:11:19.276981,65479.276981,17
91104,2019-12-31T18:11:23.041135,65483.041135,17
91105,2019-12-31T18:11:23.496056,65483.496056,17
91106,2019-12-31T18:11:27.278590,65487.27859,17
91107,2019-12-31T18:11:27.758623,65487.758623,17
91108,2019-12-31T18:11:31.636641,65491.636641,17
91109,2019-12-31T18:11:32.193186,65492.193186,17
91110,2019-12-31T18:11:36.465253,65496.465253,17
91111,2019-12-31T18:11:37.208813,65497.208813,17
91112,2019-12-31T18:11:42.407651,65502.407651,17
91113,2019-12-31T18:11:43.883450,65503.88345,17
91114,2019-12-31T18:11:53.424977,65513.424977,17
91115,2019-12-31T18:11:59.400071,65519.400071,17
91116,2019-12-31T18:12:43.571314,65563.571314,17
91117,2019-12-31T18:13:11.647138,65591.647138,17
91118,2019-12-31T18:15:09.714141,65709.714141,17
91119,2019-12-31T18:16:24.994325,65784.994325,17
91120,2019-12-31T18:23:11.350702,66191.350702,17
91121,2019-12-31T18:29:25.581045,66565.581045,17
91122,2019-12-31T18:47:01.164926,67621.164926,17
91123,2019-12-31T18:47:01.580851,67621.580851,17
91124,2019-12-31T18:49:41.514534,67781.514534,17
91125,2019-12-31T18:50:25.455422,67825.455422,17
91126,2019-12-31T18:51:55.718624,67915.718624,17
91127,2019-12-31T18:51:56.293514,67916.293514,17
91128,2019-12-31T18:52:00.304594,67920.304594,17
91129,2019-12-31T18:53:59.624204,68039.624204,17
91130,2019-12-31T18:54:03.773733,68043.773733,17
91131,2019-12-31T18:54:04.386681,68044.386681,17
91132,2019-12-31T18:54:08.564590,68048.56459,17
91133,2019-12-31T18:54:09.203422,68049.203422,17
91134,2019-12-31T18:54:13.387134,68053.387134,17
91135,2019-12-31T18:54:14.007514,68054.007514,17
91136,2019-12-31T18:54:18.152528,68058.152528,17
91137,2019-12-31T18:54:18.729712,68058.729712,17
91138,2019-12-31T18:54:33.332211,68073.332211,17
91139,2019-12-31T18:54:34.595170,68074.59517,17
91140,2019-12-31T18:54:40.400705,68080.400705,17
91141,2019-12-31T18:54:41.713135,68081.713135,17
91142,2019-12-31T18:54:46.339496,68086.339496,17
91143,2019-12-31T18:54:47.564078,68087.564078,17
91144,2019-12-31T18:54:53.347168,68093.347168,17
91145,2019-12-31T18:54:54.613462,68094.613462,17
91146,2019-12-31T18:55:00.402857,68100.402857,17
91147,2019-12-31T18:55:01.702486,68101.702486,17
91148,2019-12-31T18:55:07.458813,68107.458813,17
91149,2019-12-31T18:55:08.700811,68108.700811,17
91150,2019-12-31T18:55:14.456178,68114.456178,17
91151,2019-12-31T18:55:15.675470,68115.67547,17
91152,2019-12-31T18:55:20.900718,68120.900718,17
91153,2019-12-31T18:55:21.219532,68121.219532,17
91154,2019-12-31T18:55:24.648705,68124.648705,17
91155,2019-12-31T18:55:25.584816,68125.584816,17
91156,2019-12-31T18:55:32.819349,68132.819349,17
91157,2019-12-31T18:55:33.361949,68133.361949,17
91158,2019-12-31T18:55:48.480580,68148.48058,17
91159,2019-12-31T18:55:49.038257,68149.038257,17
91160,2019-12-31T18:56:16.849123,68176.849123,17
91161,2019-12-31T18:56:19.179707,68179.179707,17
91162,2019-12-31T18:56:54.558164,68214.558164,17
91163,2019-12-31T18:56:55.110839,68215.110839,17
91164,2019-12-31T18:57:08.018933,68228.018933,17
91165,2019-12-31T18:57:10.038008,68230.038008,17
91166,2019-12-31T18:57:15.654025,68235.654025,17
91167,2019-12-31T18:57:26.052389,68246.052389,17
91168,2019-12-31T18:57:53.664011,68273.664011,17
91169,2019-12-31T18:57:56.547445,68276.547445,17
91170,2019-12-31T18:58:02.268454,68282.268454,17
91171,2019-12-31T18:58:02.778095,68282.778095,17
91172,2019-12-31T18:58:12.749821,68292.749821,17
91173,2019-12-31T18:58:13.325786,68293.325786,17
91174,2019-12-31T18:58:17.350771,68297.350771,17
91175,2019-12-31T18:58:17.915441,68297.915441,17
91176,2019-12-31T18:58:21.927169,68301.927169,17
91177,2019-12-31T18:58:22.475594,68302.475594,17
91178,2019-12-31T18:58:26.498802,68306.498802,17
91179,2019-12-31T18:58:27.047765,68307.047765,17
91180,2019-12-31T18:58:57.659457,68337.659457,17
91181,2019-12-31T18:59:12.552448,68352.552448,17
91182,2019-12-31T18:59:39.775541,68379.775541,17
91183,2019-12-31T18:59:48.189354,68388.189354,17
91184,2019-12-31T19:00:16.193324,68416.193324,17
91185,2019-12-31T19:00:44.638462,68444.638462,17
91186,2019-12-31T19:01:36.056335,68496.056335,17
91187,2019-12-31T19:01:37.125378,68497.125378,17
91188,2019-12-31T19:02:11.403357,68531.403357,17
91189,2019-12-31T19:02:23.315787,68543.315787,17
91190,2019-12-31T19:02:45.916273,68565.916273,17
91191,2019-12-31T19:02:46.455627,68566.455627,17
91192,2019-12-31T19:03:18.310321,68598.310321,17
91193,2019-12-31T19:03:54.842361,68634.842361,17
91194,2019-12-31T19:03:58.804908,68638.804908,17
91195,2019-12-31T19:03:59.385586,68639.385586,17
91196,2019-12-31T19:04:19.722523,68659.722523,17
91197,2019-12-31T19:04:28.887546,68668.887546,17
91198,2019-12-31T19:04:32.842272,68672.842272,17
91199,2019-12-31T19:04:33.214837,68673.214837,17
91200,2019-12-31T19:04:36.792190,68676.79219,17
91201,2019-12-31T19:04:37.178714,68677.178714,17
91202,2019-12-31T19:04:48.099735,68688.099735,17
91203,2019-12-31T19:04:48.636859,68688.636859,17
91204,2019-12-31T19:04:56.757544,68696.757544,17
91205,2019-12-31T19:04:57.108674,68697.108674,17
91206,2019-12-31T19:05:20.153795,68720.153795,17
91207,2019-12-31T19:05:31.084387,68731.084387,17
91208,2019-12-31T19:05:49.515281,68749.515281,17
91209,2019-12-31T19:06:13.029514,68773.029514,17
91210,2019-12-31T19:07:04.646853,68824.646853,17
91211,2019-12-31T19:07:48.620250,68868.62025,17
91212,2019-12-31T19:07:59.574250,68879.57425,17
91213,2019-12-31T19:08:28.821640,68908.82164,17
91214,2019-12-31T19:08:53.546241,68933.546241,17
91215,2019-12-31T19:09:15.954493,68955.954493,17
91216,2019-12-31T19:10:19.854445,69019.854445,17
91217,2019-12-31T19:11:07.589711,69067.589711,17
91218,2019-12-31T19:11:24.005555,69084.005555,17
91219,2019-12-31T19:25:48.020406,69948.020406,17
91220,2019-12-31T19:28:20.433111,70100.433111,17
91221,2019-12-31T19:28:21.790858,70101.790858,17
91222,2019-12-31T19:28:27.769258,70107.769258,17
91223,2019-12-31T19:28:29.129943,70109.129943,17
91224,2019-12-31T19:28:35.163074,70115.163074,17
91225,2019-12-31T19:28:36.513025,70116.513025,17
91226,2019-12-31T19:28:42.546294,70122.546294,17
91227,2019-12-31T19:28:43.885005,70123.885005,17
91228,2019-12-31T19:28:49.774737,70129.774737,17
91229,2019-12-31T19:28:51.100232,70131.100232,17
91230,2019-12-31T19:28:56.974883,70136.974883,17
91231,2019-12-31T19:28:58.219316,70138.219316,17
91232,2019-12-31T19:29:04.036889,70144.036889,17
91233,2019-12-31T19:29:05.321716,70145.321716,17
91234,2019-12-31T19:29:11.182069,70151.182069,17
91235,2019-12-31T19:34:55.440544,70495.440544,17
91236,2019-12-31T19:35:01.211421,70501.211421,17
91237,2019-12-31T19:35:02.522380,70502.52238,17
91238,2019-12-31T19:35:08.388561,70508.388561,17
91239,2019-12-31T19:35:09.700357,70509.700357,17
91240,2019-12-31T19:35:15.627127,70515.627127,17
91241,2019-12-31T19:35:16.974552,70516.974552,17
91242,2019-12-31T19:35:22.894787,70522.894787,17
91243,2019-12-31T19:35:24.181563,70524.181563,17
91244,2019-12-31T19:35:30.042909,70530.042909,17
91245,2019-12-31T19:35:31.306514,70531.306514,17
91246,2019-12-31T19:35:37.150271,70537.150271,17
91247,2019-12-31T19:35:38.425233,70538.425233,17
91248,2019-12-31T19:35:44.248388,70544.248388,17
91249,2019-12-31T19:35:45.553247,70545.553247,17
91250,2019-12-31T19:42:33.601613,70953.601613,17
91251,2019-12-31T20:02:03.195394,72123.195394,17
91252,2019-12-31T20:12:04.852514,72724.852514,17
91253,2019-12-31T20:12:05.442149,72725.442149,17
91254,2019-12-31T20:12:09.560867,72729.560867,17
91255,2019-12-31T20:12:10.165036,72730.165036,17
91256,2019-12-31T20:12:14.268901,72734.268901,17
91257,2019-12-31T20:12:14.859604,72734.859604,17
91258,2019-12-31T20:14:05.336299,72845.336299,17
91259,2019-12-31T20:22:22.451027,73342.451027,17
91260,2019-12-31T20:24:26.581214,73466.581214,17
91261,2019-12-31T20:24:27.177273,73467.177273,17
91262,2019-12-31T20:24:30.537119,73470.537119,17
91263,2019-12-31T20:24:30.757389,73470.757389,17
91264,2019-12-31T20:24:34.829076,73474.829076,17
91265,2019-12-31T20:24:35.404794,73475.404794,17
91266,2019-12-31T20:24:39.544741,73479.544741,17
91267,2019-12-31T20:24:40.140832,73480.140832,17
91268,2019-12-31T20:24:44.278733,73484.278733,17
91269,2019-12-31T20:24:44.893821,73484.893821,17
91270,2019-12-31T20:24:49.045380,73489.04538,17
91271,2019-12-31T20:24:49.635226,73489.635226,17
91272,2019-12-31T20:24:53.782710,73493.78271,17
91273,2019-12-31T20:24:54.373218,73494.373218,17
91274,2019-12-31T20:24:58.552680,73498.55268,17
91275,2019-12-31T20:24:59.168357,73499.168357,17
91276,2019-12-31T20:25:03.322656,73503.322656,17
91277,2019-12-31T20:25:03.928135,73503.928135,17
91278,2019-12-31T20:25:08.102557,73508.102557,17
91279,2019-12-31T20:25:08.686487,73508.686487,17
91280,2019-12-31T20:25:12.826579,73512.826579,17
91281,2019-12-31T20:25:13.438285,73513.438285,17
91282,2019-12-31T20:25:17.596186,73517.596186,17
91283,2019-12-31T20:26:25.413852,73585.413852,17
1,2019-12-31T21:22:59.423187,76979.423187,17
2,2019-12-31T21:22:59.823261,76979.823261,17
3,2019-12-31T21:26:30.809079,77190.809079,17
4,2019-12-31T21:26:32.102249,77192.102249,17
5,2019-12-31T21:27:34.440647,77254.440647,17
6,2019-12-31T21:27:36.737612,77256.737612,17
7,2019-12-31T21:27:43.222773,77263.222773,17
8,2019-12-31T21:27:45.890471,77265.890471,17
9,2019-12-31T21:27:59.422713,77279.422713,17
10,2019-12-31T21:28:17.432963,77297.432963,17
11,2019-12-31T21:31:24.666790,77484.66679,17
12,2019-12-31T21:31:25.666757,77485.666757,17
13,2019-12-31T21:32:22.403556,77542.403556,17
14,2019-12-31T21:32:29.303759,77549.303759,17
15,2019-12-31T21:35:11.025102,77711.025102,17
16,2019-12-31T21:35:11.954689,77711.954689,17
17,2019-12-31T21:35:26.390983,77726.390983,17
18,2019-12-31T21:35:27.001008,77727.001008,17
19,2019-12-31T21:35:31.167003,77731.167003,17
20,2019-12-31T21:35:31.784359,77731.784359,17
21,2019-12-31T21:35:35.946916,77735.946916,17
22,2019-12-31T21:35:36.565603,77736.565603,17
23,2019-12-31T21:35:40.772582,77740.772582,17
24,2019-12-31T21:35:41.379587,77741.379587,17
25,2019-12-31T21:35:45.576404,77745.576404,17
26,2019-12-31T21:35:46.227724,77746.227724,17
27,2019-12-31T21:35:50.443335,77750.443335,17
28,2019-12-31T21:35:51.066635,77751.066635,17
29,2019-12-31T21:40:51.637858,78051.637858,17
30,2019-12-31T21:40:52.659613,78052.659613,17
31,2019-12-31T21:40:57.920074,78057.920074,17
32,2019-12-31T21:40:58.999224,78058.999224,17
33,2019-12-31T21:41:06.362037,78066.362037,17
34,2019-12-31T21:41:08.424876,78068.424876,17
35,2019-12-31T21:46:18.516684,78378.516684,17
36,2019-12-31T21:46:19.087811,78379.087811,17
37,2019-12-31T21:46:23.268069,78383.268069,17
38,2019-12-31T21:57:48.907346,79068.907346,17
39,2019-12-31T22:37:24.367141,81444.367141,17
40,2019-12-31T22:37:25.836256,81445.836256,17
41,2019-12-31T22:37:40.441064,81460.441064,17
42,2019-12-31T22:37:43.938879,81463.938879,17
43,2019-12-31T22:38:44.649545,81524.649545,17
44,2019-12-31T22:38:45.634857,81525.634857,17
45,2019-12-31T22:38:50.810435,81530.810435,17
46,2019-12-31T22:38:51.948051,81531.948051,17
47,2019-12-31T22:38:57.336718,81537.336718,17
48,2019-12-31T22:38:58.410986,81538.410986,17
49,2019-12-31T22:39:03.782103,81543.782103,17
50,2019-12-31T22:39:04.860664,81544.860664,17
51,2019-12-31T22:39:10.278643,81550.278643,17
52,2019-12-31T22:39:11.400040,81551.40004,17
53,2019-12-31T22:39:16.807775,81556.807775,17
54,2019-12-31T22:42:54.673984,81774.673984,17
55,2019-12-31T22:42:58.799994,81778.799994,17
56,2019-12-31T22:42:59.385886,81779.385886,17
57,2019-12-31T22:43:03.539620,81783.53962,17
58,2019-12-31T22:43:04.141961,81784.141961,17
59,2019-12-31T22:43:08.302896,81788.302896,17
60,2019-12-31T22:43:08.913488,81788.913488,17
61,2019-12-31T22:43:13.043551,81793.043551,17
62,2019-12-31T22:43:13.641456,81793.641456,17
63,2019-12-31T22:44:26.894102,81866.894102,17
64,2019-12-31T22:54:38.322090,82478.32209,17
